# CPLD data table extraction from accton_as5610_52x_cpld.ko

============================================================
Table: cpld_leds
============================================================
Address: 00011f60

Raw bytes (up to 512):
6c 65 64 5f 70 73 75 31 00 00 00 00 00 00 00 00 
00 00 00 00 00 00 00 00 00 00 00 00 00 00 13 03 
00 00 00 03 67 72 65 65 6e 00 00 00 00 00 00 00 
00 00 00 00 00 00 00 00 02 79 65 6c 6c 6f 77 00 
00 00 00 00 00 00 00 00 00 00 00 00 00 00 6f 66 
66 00 00 00 00 00 00 00 00 00 00 00 00 00 00 00 
00 00 03 00 00 00 00 00 00 00 00 00 00 00 00 00 
00 00 00 00 00 00 00 00 00 00 00 00 00 00 00 00 
00 00 00 00 00 00 00 00 00 00 00 00 00 00 00 00 
00 00 00 00 00 00 00 00 00 00 00 00 00 00 00 00 
00 00 00 00 00 00 00 00 00 00 00 00 00 00 00 00 
00 00 00 00 00 00 00 00 00 00 00 00 00 00 00 00 
00 00 00 00 00 00 00 00 00 00 00 00 6c 65 64 5f 
70 73 75 32 00 00 00 00 00 00 00 00 00 00 00 00 
00 00 00 00 00 00 00 00 00 00 13 0c 00 00 00 03 
67 72 65 65 6e 00 00 00 00 00 00 00 00 00 00 00 
00 00 00 00 08 79 65 6c 6c 6f 77 00 00 00 00 00 
00 00 00 00 00 00 00 00 00 00 6f 66 66 00 00 00 
00 00 00 00 00 00 00 00 00 00 00 00 00 00 0c 00 
00 00 00 00 00 00 00 00 00 00 00 00 00 00 00 00 
00 00 00 00 00 00 00 00 00 00 00 00 00 00 00 00 
00 00 00 00 00 00 00 00 00 00 00 00 00 00 00 00 
00 00 00 00 00 00 00 00 00 00 00 00 00 00 00 00 
00 00 00 00 00 00 00 00 00 00 00 00 00 00 00 00 
00 00 00 00 00 00 00 00 00 00 00 00 00 00 00 00 
00 00 00 00 00 00 00 00 6c 65 64 5f 64 69 61 67 
00 00 00 00 00 00 00 00 00 00 00 00 00 00 00 00 
00 00 00 00 00 00 13 30 00 00 00 03 67 72 65 65 
6e 00 00 00 00 00 00 00 00 00 00 00 00 00 00 00 
20 79 65 6c 6c 6f 77 00 00 00 00 00 00 00 00 00 
00 00 00 00 00 10 6f 66 66 00 00 00 00 00 00 00 
00 00 00 00 00 00 00 00 00 00 00 00 00 00 00 00 


Attempted pointer-table interpretation (4-byte pointers, first 32):
  [ 0] +0x0   : 0x6c65645f  
  [ 1] +0x4   : 0x70737531  
  [ 2] +0x8   : 0x00000000  
  [ 3] +0xc   : 0x00000000  
  [ 4] +0x10  : 0x00000000  
  [ 5] +0x14  : 0x00000000  
  [ 6] +0x18  : 0x00000000  
  [ 7] +0x1c  : 0x00001303  
  [ 8] +0x20  : 0x00000003  
  [ 9] +0x24  : 0x67726565  
  [10] +0x28  : 0x6e000000  
  [11] +0x2c  : 0x00000000  
  [12] +0x30  : 0x00000000  
  [13] +0x34  : 0x00000000  
  [14] +0x38  : 0x0279656c  
  [15] +0x3c  : 0x6c6f7700  
  [16] +0x40  : 0x00000000  
  [17] +0x44  : 0x00000000  
  [18] +0x48  : 0x00000000  
  [19] +0x4c  : 0x00006f66  
  [20] +0x50  : 0x66000000  
  [21] +0x54  : 0x00000000  
  [22] +0x58  : 0x00000000  
  [23] +0x5c  : 0x00000000  
  [24] +0x60  : 0x00000300  
  [25] +0x64  : 0x00000000  
  [26] +0x68  : 0x00000000  
  [27] +0x6c  : 0x00000000  
  [28] +0x70  : 0x00000000  
  [29] +0x74  : 0x00000000  
  [30] +0x78  : 0x00000000  
  [31] +0x7c  : 0x00000000  
============================================================
Table: cpld_system_status
============================================================
Address: 0001235c

Raw bytes (up to 512):
61 6c 6c 5f 6f 6b 00 00 00 00 00 00 00 00 00 00 
00 00 00 00 00 00 00 00 00 00 00 00 00 00 01 0c 
31 00 00 00 00 00 00 00 00 00 00 00 00 00 00 00 
00 00 00 00 00 00 00 00 00 00 00 00 00 00 30 00 
00 00 00 00 00 00 00 00 00 00 00 00 00 00 00 00 
00 00 00 00 00 00 00 00 00 00 00 00 64 63 5f 70 
6f 77 65 72 5f 6f 6b 00 00 00 00 00 00 00 00 00 
00 00 00 00 00 00 00 00 00 00 01 00 31 00 00 00 
00 00 00 00 00 00 00 00 00 00 00 00 00 00 00 00 
00 00 00 00 00 00 00 00 00 00 30 00 00 00 00 00 
00 00 00 00 00 00 00 00 00 00 00 00 00 00 00 00 
00 00 00 00 00 00 00 00 66 61 6e 5f 70 72 65 73 
65 6e 74 00 00 00 00 00 00 00 00 00 00 00 00 00 
00 00 00 00 00 00 00 04 31 00 00 00 00 00 00 00 
00 00 00 00 00 00 00 00 00 00 00 00 00 00 00 00 
00 00 00 00 00 00 30 00 00 00 00 00 00 00 00 00 
00 00 00 00 00 00 00 00 00 00 00 00 00 00 00 00 
00 00 00 00 66 61 6e 5f 6f 6b 00 00 00 00 00 00 
00 00 00 00 00 00 00 00 00 00 00 00 00 00 00 00 
00 00 00 0c 31 00 00 00 00 00 00 00 00 00 00 00 
00 00 00 00 00 00 00 00 00 00 00 00 00 00 00 00 
00 00 30 00 00 00 00 00 00 00 00 00 00 00 00 00 
00 00 00 00 00 00 00 00 00 00 00 00 00 00 00 00 
66 61 6e 5f 61 69 72 5f 66 6c 6f 77 00 00 00 00 
00 00 00 00 00 00 00 00 00 00 00 00 00 00 10 0c 
66 72 6f 6e 74 2d 74 6f 2d 62 61 63 6b 00 00 00 
00 00 00 00 00 00 00 00 00 00 00 00 00 00 62 61 
63 6b 2d 74 6f 2d 66 72 6f 6e 74 00 00 00 00 00 
00 00 00 00 00 00 00 00 00 00 00 00 61 6c 6c 5f 
6f 6b 00 00 00 00 00 00 00 00 00 00 00 00 00 00 
00 00 00 00 00 00 00 00 00 00 02 01 31 00 00 00 
00 00 00 00 00 00 00 00 00 00 00 00 00 00 00 00 


Attempted pointer-table interpretation (4-byte pointers, first 32):
  [ 0] +0x0   : 0x616c6c5f  
  [ 1] +0x4   : 0x6f6b0000  
  [ 2] +0x8   : 0x00000000  
  [ 3] +0xc   : 0x00000000  
  [ 4] +0x10  : 0x00000000  
  [ 5] +0x14  : 0x00000000  
  [ 6] +0x18  : 0x00000000  
  [ 7] +0x1c  : 0x0000010c  
  [ 8] +0x20  : 0x31000000  
  [ 9] +0x24  : 0x00000000  
  [10] +0x28  : 0x00000000  
  [11] +0x2c  : 0x00000000  
  [12] +0x30  : 0x00000000  
  [13] +0x34  : 0x00000000  
  [14] +0x38  : 0x00000000  
  [15] +0x3c  : 0x00003000  
  [16] +0x40  : 0x00000000  
  [17] +0x44  : 0x00000000  
  [18] +0x48  : 0x00000000  
  [19] +0x4c  : 0x00000000  
  [20] +0x50  : 0x00000000  
  [21] +0x54  : 0x00000000  
  [22] +0x58  : 0x00000000  
  [23] +0x5c  : 0x64635f70  
  [24] +0x60  : 0x6f776572  
  [25] +0x64  : 0x5f6f6b00  
  [26] +0x68  : 0x00000000  
  [27] +0x6c  : 0x00000000  
  [28] +0x70  : 0x00000000  
  [29] +0x74  : 0x00000000  
  [30] +0x78  : 0x00000100  
  [31] +0x7c  : 0x31000000  
============================================================
Table: cpld_psu_status
============================================================
Address: 00012528

Raw bytes (up to 512):
61 6c 6c 5f 6f 6b 00 00 00 00 00 00 00 00 00 00 
00 00 00 00 00 00 00 00 00 00 00 00 00 00 02 01 
31 00 00 00 00 00 00 00 00 00 00 00 00 00 00 00 
00 00 00 00 00 00 00 00 00 00 00 00 00 00 30 00 
00 00 00 00 00 00 00 00 00 00 00 00 00 00 00 00 
00 00 00 00 00 00 00 00 00 00 00 00 70 72 65 73 
65 6e 74 00 00 00 00 00 00 00 00 00 00 00 00 00 
00 00 00 00 00 00 00 00 00 00 00 01 31 00 00 00 
00 00 00 00 00 00 00 00 00 00 00 00 00 00 00 00 
00 00 00 00 00 00 00 00 00 00 30 00 00 00 00 00 
00 00 00 00 00 00 00 00 00 00 00 00 00 00 00 00 
00 00 00 00 00 00 00 00 64 63 5f 6f 6b 00 00 00 
00 00 00 00 00 00 00 00 00 00 00 00 00 00 00 00 
00 00 00 00 00 00 02 01 31 00 00 00 00 00 00 00 
00 00 00 00 00 00 00 00 00 00 00 00 00 00 00 00 
00 00 00 00 00 00 30 00 00 00 00 00 00 00 00 00 
00 00 00 00 00 00 00 00 00 00 00 00 00 00 00 00 
00 00 00 00 00 01 0a b0 00 01 01 1c 00 00 00 00 
00 00 00 00 00 00 00 00 00 01 0b f8 00 00 00 00 
00 01 29 f8 00 00 00 00 00 00 00 00 00 01 26 8c 
00 00 00 00 00 00 00 00 00 00 00 00 00 00 00 00 
00 00 00 00 00 00 00 00 00 00 00 00 00 00 00 00 
00 00 00 00 00 00 00 00 00 00 00 00 00 00 00 00 
00 00 00 00 00 00 00 00 00 00 00 00 00 00 00 00 
00 00 00 00 00 00 00 00 00 00 00 00 00 00 00 00 
00 00 00 00 00 00 00 00 00 00 00 00 00 00 00 00 
00 00 00 00 61 63 63 74 6f 6e 2c 61 63 63 74 6f 
6e 5f 61 73 35 36 31 30 5f 35 32 78 2d 63 70 6c 
64 00 00 00 00 00 00 00 00 00 00 00 00 00 00 00 
00 00 00 00 00 00 00 00 00 00 00 00 00 00 00 00 
00 00 00 00 00 00 00 00 00 00 00 00 00 00 00 00 
00 00 00 00 00 00 00 00 00 00 00 00 00 00 00 00 


Attempted pointer-table interpretation (4-byte pointers, first 32):
  [ 0] +0x0   : 0x616c6c5f  
  [ 1] +0x4   : 0x6f6b0000  
  [ 2] +0x8   : 0x00000000  
  [ 3] +0xc   : 0x00000000  
  [ 4] +0x10  : 0x00000000  
  [ 5] +0x14  : 0x00000000  
  [ 6] +0x18  : 0x00000000  
  [ 7] +0x1c  : 0x00000201  
  [ 8] +0x20  : 0x31000000  
  [ 9] +0x24  : 0x00000000  
  [10] +0x28  : 0x00000000  
  [11] +0x2c  : 0x00000000  
  [12] +0x30  : 0x00000000  
  [13] +0x34  : 0x00000000  
  [14] +0x38  : 0x00000000  
  [15] +0x3c  : 0x00003000  
  [16] +0x40  : 0x00000000  
  [17] +0x44  : 0x00000000  
  [18] +0x48  : 0x00000000  
  [19] +0x4c  : 0x00000000  
  [20] +0x50  : 0x00000000  
  [21] +0x54  : 0x00000000  
  [22] +0x58  : 0x00000000  
  [23] +0x5c  : 0x70726573  
  [24] +0x60  : 0x656e7400  
  [25] +0x64  : 0x00000000  
  [26] +0x68  : 0x00000000  
  [27] +0x6c  : 0x00000000  
  [28] +0x70  : 0x00000000  
  [29] +0x74  : 0x00000000  
  [30] +0x78  : 0x00000001  
  [31] +0x7c  : 0x31000000  
============================================================
Table: watch_dog_bits
============================================================
Address: 00011eed

Raw bytes (up to 512):
77 61 74 63 68 5f 64 6f 67 5f 6b 65 65 70 5f 61 
6c 69 76 65 00 00 00 00 00 00 00 00 00 00 00 77 
61 74 63 68 5f 64 6f 67 5f 65 6e 61 62 6c 65 00 
00 00 00 00 00 00 00 00 00 00 00 00 00 01 77 61 
74 63 68 5f 64 6f 67 5f 74 69 6d 65 6f 75 74 00 
00 00 00 00 00 00 00 00 00 00 00 00 00 00 00 00 
00 00 01 00 00 00 00 00 01 1f 54 00 01 1f 54 00 
00 00 00 6c 65 64 5f 70 73 75 31 00 00 00 00 00 
00 00 00 00 00 00 00 00 00 00 00 00 00 00 00 00 
00 13 03 00 00 00 03 67 72 65 65 6e 00 00 00 00 
00 00 00 00 00 00 00 00 00 00 00 02 79 65 6c 6c 
6f 77 00 00 00 00 00 00 00 00 00 00 00 00 00 00 
00 6f 66 66 00 00 00 00 00 00 00 00 00 00 00 00 
00 00 00 00 00 03 00 00 00 00 00 00 00 00 00 00 
00 00 00 00 00 00 00 00 00 00 00 00 00 00 00 00 
00 00 00 00 00 00 00 00 00 00 00 00 00 00 00 00 
00 00 00 00 00 00 00 00 00 00 00 00 00 00 00 00 
00 00 00 00 00 00 00 00 00 00 00 00 00 00 00 00 
00 00 00 00 00 00 00 00 00 00 00 00 00 00 00 00 
00 00 00 00 00 00 00 00 00 00 00 00 00 00 00 6c 
65 64 5f 70 73 75 32 00 00 00 00 00 00 00 00 00 
00 00 00 00 00 00 00 00 00 00 00 00 00 13 0c 00 
00 00 03 67 72 65 65 6e 00 00 00 00 00 00 00 00 
00 00 00 00 00 00 00 08 79 65 6c 6c 6f 77 00 00 
00 00 00 00 00 00 00 00 00 00 00 00 00 6f 66 66 
00 00 00 00 00 00 00 00 00 00 00 00 00 00 00 00 
00 0c 00 00 00 00 00 00 00 00 00 00 00 00 00 00 
00 00 00 00 00 00 00 00 00 00 00 00 00 00 00 00 
00 00 00 00 00 00 00 00 00 00 00 00 00 00 00 00 
00 00 00 00 00 00 00 00 00 00 00 00 00 00 00 00 
00 00 00 00 00 00 00 00 00 00 00 00 00 00 00 00 
00 00 00 00 00 00 00 00 00 00 00 00 00 00 00 00 


Attempted pointer-table interpretation (4-byte pointers, first 32):
  [ 0] +0x0   : 0x77617463  
  [ 1] +0x4   : 0x685f646f  
  [ 2] +0x8   : 0x675f6b65  
  [ 3] +0xc   : 0x65705f61  
  [ 4] +0x10  : 0x6c697665  
  [ 5] +0x14  : 0x00000000  
  [ 6] +0x18  : 0x00000000  
  [ 7] +0x1c  : 0x00000077  
  [ 8] +0x20  : 0x61746368  
  [ 9] +0x24  : 0x5f646f67  
  [10] +0x28  : 0x5f656e61  
  [11] +0x2c  : 0x626c6500  
  [12] +0x30  : 0x00000000  
  [13] +0x34  : 0x00000000  
  [14] +0x38  : 0x00000000  
  [15] +0x3c  : 0x00017761  
  [16] +0x40  : 0x7463685f  
  [17] +0x44  : 0x646f675f  
  [18] +0x48  : 0x74696d65  
  [19] +0x4c  : 0x6f757400  
  [20] +0x50  : 0x00000000  
  [21] +0x54  : 0x00000000  
  [22] +0x58  : 0x00000000  
  [23] +0x5c  : 0x00000000  
  [24] +0x60  : 0x00000100  
  [25] +0x64  : 0x00000000  
  [26] +0x68  : 0x011f5400  
  [27] +0x6c  : 0x011f5400  
  [28] +0x70  : 0x0000006c  
  [29] +0x74  : 0x65645f70  
  [30] +0x78  : 0x73753100  
  [31] +0x7c  : 0x00000000  
============================================================
Table: accton_as5610_52x_pwm1
============================================================
Address: 00011eec

Raw bytes (up to 512):
ff 77 61 74 63 68 5f 64 6f 67 5f 6b 65 65 70 5f 
61 6c 69 76 65 00 00 00 00 00 00 00 00 00 00 00 
77 61 74 63 68 5f 64 6f 67 5f 65 6e 61 62 6c 65 
00 00 00 00 00 00 00 00 00 00 00 00 00 00 01 77 
61 74 63 68 5f 64 6f 67 5f 74 69 6d 65 6f 75 74 
00 00 00 00 00 00 00 00 00 00 00 00 00 00 00 00 
00 00 00 01 00 00 00 00 00 01 1f 54 00 01 1f 54 
00 00 00 00 6c 65 64 5f 70 73 75 31 00 00 00 00 
00 00 00 00 00 00 00 00 00 00 00 00 00 00 00 00 
00 00 13 03 00 00 00 03 67 72 65 65 6e 00 00 00 
00 00 00 00 00 00 00 00 00 00 00 00 02 79 65 6c 
6c 6f 77 00 00 00 00 00 00 00 00 00 00 00 00 00 
00 00 6f 66 66 00 00 00 00 00 00 00 00 00 00 00 
00 00 00 00 00 00 03 00 00 00 00 00 00 00 00 00 
00 00 00 00 00 00 00 00 00 00 00 00 00 00 00 00 
00 00 00 00 00 00 00 00 00 00 00 00 00 00 00 00 
00 00 00 00 00 00 00 00 00 00 00 00 00 00 00 00 
00 00 00 00 00 00 00 00 00 00 00 00 00 00 00 00 
00 00 00 00 00 00 00 00 00 00 00 00 00 00 00 00 
00 00 00 00 00 00 00 00 00 00 00 00 00 00 00 00 
6c 65 64 5f 70 73 75 32 00 00 00 00 00 00 00 00 
00 00 00 00 00 00 00 00 00 00 00 00 00 00 13 0c 
00 00 00 03 67 72 65 65 6e 00 00 00 00 00 00 00 
00 00 00 00 00 00 00 00 08 79 65 6c 6c 6f 77 00 
00 00 00 00 00 00 00 00 00 00 00 00 00 00 6f 66 
66 00 00 00 00 00 00 00 00 00 00 00 00 00 00 00 
00 00 0c 00 00 00 00 00 00 00 00 00 00 00 00 00 
00 00 00 00 00 00 00 00 00 00 00 00 00 00 00 00 
00 00 00 00 00 00 00 00 00 00 00 00 00 00 00 00 
00 00 00 00 00 00 00 00 00 00 00 00 00 00 00 00 
00 00 00 00 00 00 00 00 00 00 00 00 00 00 00 00 
00 00 00 00 00 00 00 00 00 00 00 00 00 00 00 00 


Attempted pointer-table interpretation (4-byte pointers, first 32):
  [ 0] +0x0   : 0xff776174  
  [ 1] +0x4   : 0x63685f64  
  [ 2] +0x8   : 0x6f675f6b  
  [ 3] +0xc   : 0x6565705f  
  [ 4] +0x10  : 0x616c6976  
  [ 5] +0x14  : 0x65000000  
  [ 6] +0x18  : 0x00000000  
  [ 7] +0x1c  : 0x00000000  
  [ 8] +0x20  : 0x77617463  
  [ 9] +0x24  : 0x685f646f  
  [10] +0x28  : 0x675f656e  
  [11] +0x2c  : 0x61626c65  
  [12] +0x30  : 0x00000000  
  [13] +0x34  : 0x00000000  
  [14] +0x38  : 0x00000000  
  [15] +0x3c  : 0x00000177  
  [16] +0x40  : 0x61746368  
  [17] +0x44  : 0x5f646f67  
  [18] +0x48  : 0x5f74696d  
  [19] +0x4c  : 0x656f7574  
  [20] +0x50  : 0x00000000  
  [21] +0x54  : 0x00000000  
  [22] +0x58  : 0x00000000  
  [23] +0x5c  : 0x00000000  
  [24] +0x60  : 0x00000001  
  [25] +0x64  : 0x00000000  
  [26] +0x68  : 0x00011f54  
  [27] +0x6c  : 0x00011f54  
  [28] +0x70  : 0x00000000  
  [29] +0x74  : 0x6c65645f  
  [30] +0x78  : 0x70737531  
  [31] +0x7c  : 0x00000000  

============================================================
README sysfs attr content
============================================================
